167 41 44
13 59 33
36 44 39
218 5 30
393 49 29
368 53 14
228 80 39
434 8 2
401 81 17
222 61 34
456 35 62
101 48 5
196 26 43
402 70 37
436 48 15
321 86 21
273 74 21
470 31 13
402 21 16
400 35 39
423 85 19
17 9 9
285 24 2
451 99 33
320 50 24
125 66 5
250 6 41
142 55 63
247 61 28
50 92 22
399 28 25
161 93 27
332 56 54
472 64 27
213 89 39
60 99 19
74 10 34
92 25 34
401 74 41
70 2 3
274 26 22
40 94 29
304 60 6
258 84 7
45 68 38
45 23 26
348 41 24
194 44 33
69 27 17
272 99 8
458 31 30
14 98 28
218 81 31
455 57 64
71 43 27
462 12 15
219 65 1
192 59 19
325 26 30
336 53 8
266 13 34
415 88 30
430 13 16
324 45 61
310 98 14
391 33 8
258 1 13
283 43 18
417 93 21
130 41 7
284 79 31
73 91 48
443 86 41
470 53 5
54 35 48
229 68 24
461 67 48
107 91 37
470 3 37
493 53 52
391 82 34
439 87 16
322 93 50
490 11 44
352 6 18
248 89 22
134 77 23
64 65 14
76 94 31
297 54 42
35 65 11
241 62 18
391 85 42
407 34 51
361 13 38
48 72 54
342 34 39
429 91 12
304 60 45
144 33 37
